0.0 1.0000000011497174 
0.9999999995415941 1.0101390458046145e-07 
0.6944964248216314 1.000000000908021 
0.009942207500442612 1.0000000010412378 
0.7115721730922193 1.0000000006306258 
0.976001901478196 0.7803976807978517 
0.9893761181286392 0.4865293181988527 
0.7464271113360659 0.9999999893857187 
0.9783576310480406 0.7461650130214063 
0.9983094229933482 0.10021313332714966 
0.9988577930998722 0.06883955079767104 
0.9901356498558914 0.46134062185473024 
0.9965793185020683 0.1925256059448788 
0.9865168334172951 0.5713797673033967 
0.9992655107660688 0.0448302617644216 
0.9919771028396762 0.397804938744672 
0.9486470474856789 0.9627481875866795 
0.9858498416770476 0.5890940146714042 
0.9436129253674128 0.9732738458753206 
0.9573268374033789 0.9342331529305543 
0.9835098555514215 0.6504038522916479 
0.9871031933335226 0.5551860324999679 
0.9969724564269002 0.17240354378739522 
0.8153665163821482 0.9999971045664412 
0.9944756432190772 0.29228935445714344 
0.8037640643188984 0.9999988010883034 
0.9853051949764216 0.60302355184177 
0.9947878954167791 0.27828867972808513 
0.9913217032220359 0.41955426136651025 
0.9905310550099493 0.44775080383071636 
0.9815275376744618 0.6975882412211771 
0.9316116887922153 0.98797743611297 
0.9689704201572584 0.8601486729557417 
0.7603573902638109 0.9999999636654724 
0.9950652011942871 0.26562347969993 
0.9995753235229209 0.026160631806821315 
0.9734330239626625 0.8157029419594403 
0.9886574787585075 0.509293584159089 
0.9962852681945931 0.2072605837136402 
0.9839183021645999 0.6364303039756026 
0.9989973853488984 0.0606833710433812 
0.9925811941355858 0.3716882967527497 
0.8477508131317834 0.9999666311860838 
0.9655143022883612 0.8881022102716091 
0.9168874996034008 0.9955541095868082 
0.9821375337026647 0.6752946853544911 
0.9875435807393402 0.5426299907890202 
0.997141571061798 0.16359668574389022 
0.9800254891892273 0.7161154080949694 
0.936912145731219 0.9828831629185251 
0.9974084675031597 0.14950978739406817 
0.9750410703303817 0.7934902207786767 
0.9624607823094788 0.9081733249525022 
0.9709508120194263 0.8433897138420009 
0.9881224662166126 0.5255933891475913 
0.8323629027316511 0.9999893629071633 
0.9930098704128586 0.3545270231828878 
0.9960892440667366 0.216936138467791 
0.9791531879785601 0.7314613303264738 
0.9958577480180509 0.22821296140290886 
0.9535702344636037 0.9486686059569885 
0.9981949356605013 0.11208460703770161 
0.9843458153253493 0.6264389519554463 
0.8802827517758518 0.9996500706350614 
0.9998900538019488 0.0068385252460196645 
0.9976855375098194 0.13463895463943054 
0.9922188510413289 0.38584366807325277 
0.7872638816847672 0.9999996722187494 
0.8978348037182846 0.9990758311216195 
0.9996752104617977 0.020068741153183176 
0.9956613603741218 0.2376635090399886 
0.9941639479412872 0.3060000251715038 
0.8631407979435811 0.9998974557019216 
0.9953259064711738 0.25351943130747584 
0.9703114758543109 0.8475413314071589 
0.9825803596113301 0.666030317205013 
0.954114653599704 0.9475776029181296 
0.8832213955649224 0.9995691666501357 
0.9931106584905971 0.3504256502163709 
0.9723074454138644 0.8266804646644205 
0.987894998898988 0.5323609663984429 
0.959877890176696 0.9223510909104465 
0.9803878940735998 0.7094889949649638 
0.9886119335827973 0.510702368395324 
0.9603147084322533 0.9201147308043007 
0.9934721518292863 0.3355042528724238 
0.9049018122653464 0.9980430330019076 
0.9938224376869325 0.32072221667436984 
0.9954641916570524 0.24701858072095237 
0.9908651817874494 0.4360050691495162 
0.9686825443873441 0.8715678585199818 
0.9669601055784575 0.8772003236676504 
0.9788684591916809 0.7362914247622128 
0.8613931632236131 0.9999096416699798 
0.8371704272173499 0.999984798938288 
0.9934346834214832 0.3370660757648078 
0.9975652549143803 0.14112589323145872 
0.7719240069917255 0.999999905372606 
0.9742534130325741 0.8036467615644413 
0.9925046661663555 0.3783855841100986 
