0.9998993415763742 0.0006558195579519229 
2.8312484301462604e-10 1.002838011378403 
0.649077471196643 0.23983977933621087 
0.00978674021339565 0.9502980763731653 
0.3680364344203666 0.4690139448548532 
0.717669398487841 0.19114434580850212 
0.12926106129615028 0.7270240798825681 
0.014337306789091064 0.9344734297901949 
0.3201238448652052 0.5168743326380955 
0.24774693690775196 0.5872066381181448 
0.0022224624909163992 0.9803040655573764 
0.022574388983256144 0.9115370716515941 
0.9336341591521414 0.043768157107410256 
0.9670767154571466 0.023707714995976514 
0.8244287713604417 0.1181440502288133 
0.4590320580798757 0.3897165586932335 
0.09343711249294498 0.7780375269697871 
0.7385408307471406 0.1776543106897107 
0.5065814117021699 0.3507655323435071 
0.41466768236004803 0.42946374229653833 
0.2346354398677683 0.6014160409148064 
0.706059291413266 0.19871480480592327 
0.9180948805575039 0.05383879319010998 
0.3513888608157669 0.4851562325914519 
0.6276860824806431 0.256238642510533 
0.0752073083562573 0.8083073638864251 
0.6872623264305632 0.2173125456683665 
0.7753474530220438 0.1549185495439533 
0.9890189864197606 0.012063671159178245 
0.9465951900170156 0.03474970255131418 
0.8555322560680474 0.0974310595500886 
0.5938219577520293 0.2834326172580744 
0.19514846376738643 0.644836649271798 
0.5290543908957894 0.33797571687376493 
0.44822250880711206 0.40982960380994593 
0.8438347329845389 0.10288423901737963 
0.5783219299092417 0.2962649496695574 
0.6925197650280375 0.20858802177226188 
0.3015704534152367 0.5324695299995484 
0.10700266928085106 0.7575985731378141 
0.5432412384468579 0.3207701144132878 
0.2583148171431807 0.5764451486906211 
0.47443784962827446 0.37699843099602465 
0.27409557240282517 0.5597254233129356 
0.8035323191781374 0.13096924645101213 
0.16320761464305727 0.6833393206348387 
0.08539680979118783 0.794932251607548 
0.38200187420230464 0.46010875236344945 
0.22674661490330544 0.6096414780494318 
0.17311998880566354 0.6715312511911049 
0.7843767958321749 0.14371766583085593 
0.6128293439114587 0.2669719355293984 
0.3356411524062386 0.5017870939666588 
0.603321394291207 0.27429289225145853 
0.044527067004339754 0.861791784541876 
0.04932511856931082 0.8518094562285148 
0.28811198449714376 0.5457986964535136 
0.8309973753263105 0.11100134375883433 
0.18630677883916408 0.655206288725099 
0.11811604285848991 0.7416676453270006 
0.6689133199582746 0.22526167748014883 
0.1408437040378468 0.7113217451396858 
0.2729467928171623 0.575631748053954 
0.8912262274077265 0.0712993224497689 
0.2173193778974328 0.620219118850804 
0.9573008033629817 0.02782160987122482 
0.5390834116601455 0.3242069402503418 
0.7604160042814879 0.16001545318582708 
0.4486703239913102 0.39860103869736874 
0.5601700365617539 0.307873895722488 
0.4279135422850493 0.4161630774700706 
0.15069791606307648 0.6990037200835998 
0.5598683646800162 0.308117213279076 
0.8696403646201097 0.08970995145301781 
0.1801487840838562 0.6642777206323739 
0.4913193778044025 0.3632832226885846 
0.4790068283277681 0.3729166205844717 
0.4025601533907346 0.43831788022458973 
0.2042618035792737 0.6343511467080757 
0.5814462687219827 0.2912237550416385 
0.3985159639490634 0.44181724608286166 
0.15643081585432905 0.6913661415488562 
0.027502056579923204 0.8998428510734374 
0.2842130501927992 0.5502149797764175 
0.9073871036248427 0.060796242057889936 
0.6632208869247016 0.22974095976679987 
0.05643061597140858 0.8383501781816457 
0.42687751034328947 0.4184845565374763 
0.059052282419283814 0.8343798458729303 
0.8886897974887615 0.073672742697265 
0.0659783611169163 0.8218786873318585 
0.0905286983158577 0.787415618065374 
0.8756466788398258 0.08164967097327973 
0.11559072360203965 0.7470815909499043 
0.3099522566702997 0.5267760823315649 
0.0009005964823337598 0.9897184793852601 
0.06911204582883837 0.8190243763022697 
0.03768483851482379 0.8756128524781882 
0.14338979823671172 0.7081987982764407 
0.34704443672582713 0.4888681335715981 
