0.0 1.0000000003190492 
0.9999999998220851 3.879916478254558e-08 
0.08086465790125041 1.0000000002578138 
0.7148953637295318 1.0000000002464104 
0.02138309337836053 1.0000000002655578 
0.9701403735247529 0.903113662572773 
0.993972973108197 0.3721696278482736 
0.9681384195464775 0.9173616569607873 
0.9171299289014064 0.9989304803152477 
0.9763690758993738 0.8417197495995955 
0.7406295140970365 1.0000000002139662 
0.985778287313988 0.668103940129376 
0.9791907256668357 0.8019470424359019 
0.9745739866586998 0.8623612702337259 
0.9662427822547688 0.9385441653223892 
0.9990905915195569 0.06765875082396697 
0.9943523296827741 0.3534490566792234 
0.9974223891695024 0.18023068067112333 
0.9988492376529601 0.08484309766791505 
0.9900118064691572 0.5383543222798486 
0.9819608316545773 0.754638356272618 
0.9963723937495742 0.24409694780885102 
0.9808107214077282 0.7750630842258167 
0.7523170427764396 0.9999999999671143 
0.9930391864879181 0.4160014660091188 
0.9957067692012109 0.2820034072294361 
0.9954525758295498 0.30246180069059425 
0.9976776492936108 0.1639188303697907 
0.9729388005195155 0.8790557349722983 
0.7721788445450366 0.999999998082173 
0.9971711877459292 0.19597686478429985 
0.9893773388860138 0.5605891030201912 
0.9993025563832469 0.05230440351638055 
0.998443713259447 0.11301522012105918 
0.9998804987926151 0.00915996348974888 
0.9030077104164616 0.999612528128054 
0.9982091017643645 0.1289211845622555 
0.9996147773510095 0.029232119421611493 
0.9922044157389608 0.45261995190043713 
0.985062829248635 0.6861495785574678 
0.9986431203242933 0.09927088587770258 
0.9802661296798503 0.7845327664721434 
0.9960835178622861 0.26078113917623946 
0.9969385578870542 0.21029249510350212 
0.9345369190477815 0.9948255193994074 
0.9908772968670718 0.5062233059888447 
0.7951824908179652 0.9999999786359132 
0.9628470120096323 0.9460040757323502 
0.9935208093323593 0.3937852354455243 
0.988793262742967 0.5801217480099332 
0.9863903415160226 0.6518563798626881 
0.7162679662011684 1.000000000234767 
0.9773222334258016 0.8290343140933283 
0.9846688796079573 0.6956689017856361 
0.9883865421948925 0.5934173896064497 
0.9927410254580707 0.43789096016014517 
0.9491414914030489 0.9835729237453466 
0.8467897742744366 0.9999972541701193 
0.990606064845177 0.5165880916980332 
0.9994982974218153 0.03790378272117564 
0.9877495148222557 0.6129157397663064 
0.9916641286380629 0.4751025246761093 
0.7830088905641087 0.9999999937282529 
0.8099575517693229 0.9999999108365496 
0.9934322826278055 0.3979304239956786 
0.881790957580342 0.9999378914135298 
0.9902569964842429 0.5294673174758945 
0.9978952283882453 0.14976138008799122 
0.9927558685426726 0.42869287490694 
0.8248806587692596 0.9999996354967173 
0.9946203741396407 0.33989042606962155 
0.8402791989155045 0.9999984846413308 
0.9840265848044246 0.710581675814839 
0.9958926764466424 0.27160749611208224 
0.8885728501899652 0.9998879724284137 
0.9980129542875147 0.14200306892417697 
0.9966167400101287 0.22968267135017886 
0.9594685059427186 0.9586604522245281 
0.9951420539282607 0.3126924483935614 
0.9538704668360963 0.973655862620796 
0.9867158030611658 0.6428995140162396 
0.9880381464741687 0.6041088134722288 
0.9891574735805481 0.5680448955349816 
0.9872966848345142 0.626513342772541 
0.9967221299861329 0.22338502889595996 
0.9949541249754111 0.322615323140406 
0.8644601056981208 0.9999865308329213 
0.9837657837855858 0.7164289338038017 
0.9947778430904513 0.3317946316067544 
0.8661347110347144 0.9999843884715811 
0.9912877569362023 0.4902231010600581 
0.9781385590761287 0.817682141604047 
0.9870998415402444 0.6320378728754791 
0.9594835518622006 0.9586105061382383 
0.9913061165145974 0.4894958954859412 
0.9832727167496245 0.7282017579690653 
0.8181251692701217 0.9999998065621986 
0.9918822754891398 0.4661368145731994 
0.9824647996882937 0.7448322384457814 
0.9538568492838587 0.9736848057721936 
