0.9999999998220851 2.4035637593564764e-08 
0.0 1.0000000000941733 
0.013268051300127426 1.0000000000931883 
0.7596716339536891 1.0000000000691394 
0.8977403758077281 0.9999319769242744 
0.7798335490205852 0.9999999998482347 
0.9909853855269939 0.5531374066597231 
0.9917662031046672 0.5207076980344274 
0.9855336342582658 0.7264335419250476 
0.9286312755616812 0.9986208936841138 
0.997155237635039 0.2268021366943269 
0.802240659626445 0.9999999970203096 
0.9998317357407878 0.014857236378769973 
0.9967094484229522 0.25411495689676805 
0.9960184001108863 0.2987411799848182 
0.9573792303815478 0.9792325056001439 
0.9872392150219292 0.689803094811385 
0.9863572149852303 0.7053323633614428 
0.9770574324418605 0.8733682015426187 
0.9995857097458964 0.03618854980895464 
0.9956315051279283 0.3225622510649848 
0.8169191466987666 0.999999984666818 
0.9878317654075566 0.663456580701529 
0.9674757186025693 0.9471973327411469 
0.8842009135453248 0.9999823965225525 
0.9821864284065587 0.7978685205701441 
0.9941786960687473 0.40508080919983674 
0.993892843629926 0.420105684219577 
0.9926123713234047 0.48521175100116987 
0.9982894702475293 0.1412567817361009 
0.989691875081398 0.6021526826701409 
0.9780234341692 0.8614727897601525 
0.9632558048698926 0.964208005466295 
0.9987330958625769 0.1087214506326837 
0.9991292987373219 0.07455850719605982 
0.9899899204282245 0.5913528225230164 
0.9984495389450031 0.12892190798239417 
0.9989270922317576 0.0912521160895558 
0.9892427889723416 0.6178948036162594 
0.948514474898253 0.9909226314739842 
0.9890151772779111 0.6256368060347531 
0.9829430022905711 0.78353859898151 
0.9699224786065556 0.9361200383581691 
0.9800723900324763 0.8331234266562922 
0.9833425893279549 0.775569572843033 
0.9753672986923231 0.8912350643977094 
0.9950193609256995 0.35862745564787013 
0.9922044614436771 0.5014970185334496 
0.9961855723238938 0.28819391014969764 
0.9908006685326346 0.5604861662142869 
0.9814326482018196 0.8112116086666019 
0.9980893933529177 0.15643207835778866 
0.9381637077245789 0.9965997346790472 
0.9647334838264102 0.9603553628668302 
0.9936534688326091 0.4331690556650976 
0.9848354908665795 0.7431455861782318 
0.9522452111395019 0.9871274969138856 
0.9986073686814537 0.11658808379430861 
0.993148025932513 0.457516620929966 
0.7596716339536891 1.0000000000691394 
0.9885588574366047 0.6406935777056336 
0.995311457494681 0.341661569676595 
0.9994754040796742 0.04560353532950781 
0.9944285846275616 0.3916313588781713 
0.9963653890600879 0.2766737363507563 
0.9993187629712269 0.05881734838089755 
0.8660407718382144 0.9999972209585553 
0.9978788358498671 0.17211597261644146 
0.9715761358021061 0.9230799114889203 
0.9973890425208654 0.20749275063908093 
0.8684181442042018 0.999996453494352 
0.9976371025510056 0.18976680427336123 
0.8497228374337513 0.9999994883222348 
0.9977602432131653 0.1808223469538201 
0.9907961046225296 0.5751359519062921 
0.9972633748121537 0.21632728525448008 
0.9928007154016968 0.4741330667539536 
0.99333163985145 0.44852045994229145 
0.9903573176341998 0.5776403642587637 
0.9929640952857735 0.4684674031196447 
0.8479972383453477 0.9999995729812217 
0.9990145733975869 0.0841456356595111 
0.9955195171149054 0.3293067783539774 
0.9790125826803068 0.8485807597382888 
0.9791926306191829 0.8459355429231034 
0.9867349664357896 0.6952083934643933 
0.9731610431621684 0.9110784984709864 
0.9741335316886598 0.902816580111468 
0.9947501695838092 0.3738798678912999 
0.9980086684244055 0.16247949713659057 
0.8325088706924197 0.9999999172306339 
0.9806549192758848 0.8240659023758233 
0.9840017036415143 0.7617862225978141 
0.9936128070525073 0.4409070052588343 
0.99647870495583 0.26931952806074716 
0.9949743133812083 0.3640082684975837 
0.8327874488596428 0.9999999147280437 
0.9966002911198706 0.2613463585409733 
0.984317230611681 0.7548949243829214 
0.9710783584030651 0.9273609107825274 
