1.4678356203188519e-15 1.0014223398364643 
0.9987854232642225 0.0007581317023913931 
0.1593590394174777 0.3683118313995156 
0.023857920812109357 0.6056907609786796 
0.015051435545881064 0.6484730971109757 
0.13591349170459568 0.3916711432933989 
0.19860711066569844 0.33142342686069565 
0.5768135218932284 0.1318431276131168 
0.23019014574386257 0.306209687256444 
0.6543874463683467 0.10051654202834348 
0.4409251756505931 0.18480434341026802 
0.6791903583522156 0.09246174961823182 
9.807266103976442e-07 0.969640628077109 
0.17332323435454744 0.3549004206920722 
0.005142287477930538 0.7342793584413442 
0.5291826994992026 0.14671011898730135 
0.9776212969250597 0.00611419538767781 
0.5114951433762838 0.15425927978071435 
0.8412090863467518 0.04302940056010366 
0.77603683372209 0.06159506633382071 
0.3220167410214075 0.24618196878809923 
0.21233812801249116 0.32075578058164567 
0.6025844428343121 0.11857142243157691 
0.48241990580934113 0.16644015557125155 
0.24263346403744585 0.29748563326788935 
0.49728739983860903 0.1600554403405498 
0.0008556994245073912 0.8292039152252441 
0.0005437650495927898 0.8467132467413105 
0.6329604860498032 0.11064076946422151 
0.9497852836774763 0.013219557219220709 
0.6059407524893125 0.11739631856595888 
0.46025922704195443 0.1756363095338307 
0.4008662594090978 0.2037435338729595 
0.044286604762412696 0.5408909898291264 
0.0001994049774799355 0.8812542857669986 
6.081289667645242e-06 0.9507996448618743 
0.35483132780474075 0.2277565527589357 
2.0994891816837063e-05 0.932680499000254 
0.001960704593813589 0.7908015801324177 
0.3842552578969659 0.2121337066707443 
0.3006762393892372 0.259332021868451 
0.7607833026911992 0.06656649599496316 
0.4243365115896434 0.19888881681520326 
0.003035113505120507 0.7643133434787247 
0.5482387853422995 0.1445033624332443 
0.00028890445362042614 0.8690161304179309 
0.31772001594642324 0.2589189392328318 
0.029242271175629914 0.5844464144340786 
8.045701810589906e-05 0.9058008736145847 
0.03607597953983738 0.5659073941464431 
0.09975121179547805 0.44216319290613626 
0.004686176713398882 0.7585290854467327 
0.7363496064573911 0.07548557864267878 
0.053921561341482925 0.5169583622746959 
0.4674823686052236 0.17326855127664256 
0.0013616684166572364 0.8069626792432347 
0.07012455968332741 0.490099675131336 
0.424524718776966 0.19203091700176397 
0.37116469324777634 0.21883986401590905 
0.009382407079783578 0.6879794897850627 
0.9419452031165818 0.015137927490914152 
0.8240686103974322 0.047757424897421255 
0.9226459318289555 0.020172439075778446 
0.3393082239532158 0.23642186862736106 
0.04807691783232191 0.531099786367536 
0.10932438221213175 0.42402950553218954 
0.2730525973378119 0.27751626972898996 
0.25774971242679023 0.2867907220169349 
0.1291846785888035 0.4003817012365084 
0.79579545541887 0.056785101149855605 
0.006831508377710183 0.7109637338945537 
0.06607793253696165 0.4945421199514003 
0.5637585879089396 0.13331449060160241 
0.07730758609183017 0.4717725203872289 
0.17267055310091092 0.3551733086142552 
0.7168556619005997 0.0799425124788421 
0.1188514909493244 0.415075732446707 
0.9096660417046161 0.023791056184026237 
5.435895800782065e-05 0.914891257908157 
0.5543031952375485 0.13694619081047749 
0.02873691265981912 0.5929035893446182 
0.291491340903586 0.26832583484447203 
0.09566195950684132 0.44305674674115697 
0.08690932169184507 0.4568880066051429 
0.25651752251963433 0.2897545741588564 
0.6398750678366635 0.10562140670775778 
0.007355332518583169 0.7084667447603638 
0.07600480655880626 0.47361402765470895 
0.03603231714059566 0.5662631173675553 
0.36514296568131666 0.22358760080409612 
0.7487865525146626 0.06983307261383284 
0.8061512262891406 0.05443963752992223 
0.12322489337090056 0.40775169372164777 
0.39505067375859404 0.20698637622428637 
0.8590093692663598 0.03768428740109573 
0.8180248122799862 0.049813404913723706 
0.20759851807252275 0.32737960384963244 
0.8971279635828837 0.027148384939076474 
0.8603204884925181 0.037238466480979227 
0.34172523939114063 0.236394206688971 
